0.897297297
0.718918919
0.800000000
0.367567568
0.791891892
0.821621622
0.840540541
0.772972973
0.929729730
0.886486486
0.932432432
0.894594595
0.918918919
0.756756757
0.843243243
0.479729730
0.851351351
0.814864865
0.883783784
0.897142857
0.821621622
0.725675676
0.705405405
0.912162162
0.754054054
0.722972973
0.848648649
0.785135135
0.824324324
0.902702703
0.341891892
0.394736842
0.830263158
0.944736842
0.728947368
0.886842105
0.859210526
0.384210526
0.889473684
0.875000000
1.005263158
0.965789474
0.759210526
0.260526316
1.010526316
0.791428571
0.788571429
0.955714286
0.962857143
0.490000000